D 3
F 1
W 4
S 1
sd
49.414363 14.855905 25.760977 
sf
57.393147 
sm
82.162059 11.615185 43.578580 72.702957 
ss
65.220773 
cd
11.794988 
9.365500 
19.505145 
cf
16.882533 15.790145 3.958366 12.651496 
cm
11.220696 
19.287411 
16.928428 
13.793653 
ud
29.186892 20.612204 13.147077 
uf
22.670240 
um
20.218010 8.082308 9.680514 10.244887 
p
186.745769 
xdminmax
0.000000 33.328087 
0.000000 47.177743 
0.000000 40.582647 
xfminmax
0.000000 46.089939 0.000000 30.363975 0.000000 32.566024 0.000000 27.466667 
xmminmax
0.000000 39.335913 
0.000000 48.293383 
0.000000 47.746717 
0.000000 37.558330 
