D 3
F 2
W 4
S 2
sd
3964.861779 1891.354299 2545.658606 
sf
4443.588845 5929.723522 
sm
1696.911117 3614.714817 5362.177432 4913.246395 
ss
6804.853989 4746.928974 
cd
75.236148 5.637445 
56.773504 48.357037 
95.808300 81.931929 
cf
63.492075 33.312348 88.710972 62.330587 
84.359755 21.455900 30.264096 9.866668 
cm
57.343650 93.173534 
90.986869 50.233321 
20.847426 50.203394 
33.701565 26.694851 
ud
393.294755 736.128627 647.848358 
uf
210.963072 268.498505 
um
288.815925 373.491537 565.616999 436.997066 
p
4869.008872 4174.788269 
xdminmax
0.000000 295.784623 0.000000 258.145089 
0.000000 318.417315 0.000000 304.251522 
0.000000 254.013790 0.000000 324.828403 
xfminmax
0.000000 200.313496 0.000000 164.948916 0.000000 195.278999 0.000000 194.376854 
0.000000 213.095780 0.000000 184.364155 0.000000 150.863293 0.000000 241.825727 
xmminmax
0.000000 127.295418 0.000000 177.340164 
0.000000 129.729002 0.000000 188.599456 
0.000000 170.419556 0.000000 183.698111 
0.000000 194.334691 0.000000 137.501697 
